0.0,0.015000000073218224,0.015000000000000017,0.015000000024772815,0.015000016960219903,0.015000000000001188,0.000296302808250229
0.0005,0.015063380248336937,0.015000112429658385,0.01506114424591653,0.01508400361925205,0.015000029500235499,0.0002963013792629042
0.001,0.015126916265557585,0.015000458006249993,0.01512474635298423,0.015166414519712759,0.015000117067811219,0.0002962918195055863
0.0015,0.01512777991913703,0.015000923148138865,0.015127714570946643,0.015166023511536914,0.015000232195690123,0.0002962691237651478
0.002,0.015127525784919646,0.015001385722212318,0.015127413512793423,0.015165633858252606,0.015000345296739461,0.000296235208240418
0.0025,0.0151272723042412,0.015001845661186465,0.01512711336359209,0.01516524537344725,0.015000456402625956,0.0002961929210591352
0.003,0.015127019472681361,0.01500230297290975,0.015126814118311658,0.015164858050665565,0.015000565544523925,0.00029614441291790975
0.0034999999999999996,0.01512676728597675,0.01500275766623762,0.015126515771962563,0.015164471883520995,0.015000672753128575,0.0002960913075967764
0.004,0.015126515739993891,0.015003209750772115,0.01512621831960808,0.015164086865694572,0.015000778058663154,0.00029603483084425774
0.0045,0.015126264830708723,0.015003659236665343,0.015125921756363571,0.015163702990934167,0.0150008814908865,0.00029597590775840525
0.005,0.015126014554191035,0.015004106134471059,0.015125626077396035,0.015163320253053605,0.01500098307910016,0.00029591523635932637
0.0055,0.015125764906592506,0.015004550455032614,0.01512533127792339,0.015162938645931996,0.01500108285215517,0.00029585334317019474
0.006,0.015125515884137386,0.015004992209398438,0.015125037353213588,0.015162558163512498,0.015001180838459197,0.000295790625203459
0.0065,0.015125267483115558,0.015005431408758112,0.015124744298584254,0.015162178799801891,0.01500127706598324,0.0002957273816752802
0.006999999999999999,0.015125019699876754,0.015005868064394533,0.015124452109401788,0.015161800548869347,0.015001371562268271,0.0002956638379594543
0.0075,0.015124772530826502,0.015006302187647449,0.015124160781080843,0.01516142340484591,0.015001464354431983,0.00029560016367859897
0.008,0.015124525972422496,0.015006733789886534,0.015123870309083541,0.01516104736192331,0.015001555469175254,0.00029553648636655125
0.008499999999999999,0.01512428002117175,0.01500716288249035,0.015123580688918902,0.015160672414353406,0.015001644932788495,0.00029547290178547303
0.009,0.01512403467362899,0.015007589476831583,0.015123291916142258,0.015160298556447394,0.015001732771157968,0.0002954094817162199
0.0095,0.015123789926393936,0.015008013584265097,0.015123003986354426,0.015159925782574437,0.015001819009771959,0.00029534627984039466
0.01,0.015123545776110525,0.01500843521611949,0.015122716895201215,0.015159554087161714,0.01500190367372698,0.0002952833361812535
0.010499999999999999,0.015123302219465335,0.015008854383690502,0.015122430638372904,0.015159183464693075,0.015001986787733438,0.0002952206804563183
0.011,0.015123059253186388,0.015009271098236415,0.015122145211603363,0.015158813909708264,0.01500206837612221,0.00029515833460821116
0.0115,0.01512281687404248,0.0150096853709744,0.015121860610669783,0.015158445416802514,0.01500214846284998,0.00029509631471504304
0.012,0.015122575078841903,0.01501009721307796,0.015121576831391759,0.015158077980625281,0.015002227071505092,0.00029503463243232196
0.012499999999999999,0.015122333864432064,0.01501050663567519,0.015121293869630948,0.015157711595879971,0.01500230422531302,0.00029497329608121876
0.013,0.015122093227698441,0.015010913649847293,0.015121011721290333,0.015157346257322858,0.015002379947142298,0.0002949123114698521
0.0135,0.01512185316556411,0.015011318266627641,0.015120730382313794,0.01515698195976255,0.015002454259509874,0.0002948516825130585
0.013999999999999999,0.015121613674988928,0.01501172049700136,0.015120449848685335,0.015156618698059123,0.015002527184586249,0.0002947914117000355
0.014499999999999999,0.015121374752969041,0.015012120351904457,0.015120170116428744,0.015156256467123517,0.015002598744201285,0.00029473150044720327
0.015,0.015121136396536448,0.015012517842224191,0.015119891181607094,0.015155895261917022,0.015002668959848675,0.0002946719493643993
0.0155,0.015120898602758065,0.015012912978798582,0.015119613040321889,0.015155535077450088,0.015002737852691982,0.0002946127584557031
0.016,0.015120661368735577,0.015013305772416491,0.015119335688712928,0.01515517590878225,0.015002805443569,0.0002945539272709225
0.0165,0.015120424691604609,0.015013696233817849,0.015119059122957433,0.015154817751020944,0.015002871752997316,0.00029449545501983527
0.016999999999999998,0.015120188568534376,0.015014084373693545,0.01511878333926978,0.015154460599321167,0.015002936801178713,0.0002944373406583626
0.017499999999999998,0.015119952996727219,0.015014470202685638,0.015118508333900984,0.015154104448884839,0.01500300060800431,0.0002943795829535392
0.018,0.015119717973417827,0.015014853731387732,0.015118234103137914,0.015153749294959782,0.015003063193059173,0.00029432218053249295
0.0185,0.01511948349587312,0.015015234970344918,0.015117960643303181,0.015153395132839602,0.015003124575627315,0.0002942651319193714
0.019,0.015119249561391568,0.015015613930054246,0.015117687950754456,0.015153041957862781,0.015003184774695724,0.0002942084355631742
0.0195,0.015119016167302877,0.015015990620964889,0.015117416021884099,0.015152689765412224,0.015003243808959702,0.00029415208985870825
0.02,0.015118783310967266,0.015016365053478255,0.015117144853118516,0.015152338550914421,0.015003301696826567,0.0002940960931623826
0.020499999999999997,0.01511855098977534,0.015016737237948526,0.015116874440917904,0.015151988309839135,0.015003358456420597,0.00029404044380409723
0.020999999999999998,0.015118319201147378,0.015017107184682603,0.015116604781775617,0.01515163903769859,0.015003414105587188,0.0002939851400961915
0.0215,0.01511808794253306,0.01501747490394059,0.01511633587221784,0.015151290730047015,0.015003468661897116,0.0002939301803401616
0.022,0.015117857211410983,0.015017840405935913,0.015116067708803096,0.015150943382480091,0.01500352214265068,0.0002938755628317219
0.0225,0.015117627005288303,0.015018203700835642,0.01511580028812188,0.015150596990634398,0.015003574564882069,0.0002938212858645969
0.023,0.015117397321700062,0.015018564798760774,0.015115533606795985,0.015150251550186617,0.015003625945363253,0.0002937673477333547
0.0235,0.015117168158209236,0.015018923709786493,0.015115267661478473,0.015149907056853413,0.015003676300608117,0.0002937137467355429
0.024,0.015116939512405976,0.015019280443942426,0.015115002448852997,0.015149563506390684,0.015003725646876217,0.0002936604811732543
0.024499999999999997,0.015116711381907273,0.015019635011212673,0.015114737965633398,0.01514922089459295,0.015003774000176957,0.00029360754935432455
0.024999999999999998,0.01511648376435665,0.015019987421536476,0.01511447420856339,0.015148879217292943,0.015003821376273296,0.00029355494959319164
0.0255,0.015116256657423787,0.015020337684808168,0.01511421117441614,0.015148538470361177,0.015003867790685401,0.0002935026802115408
0.026,0.015116030058804028,0.01502068581087761,0.015113948859993826,0.015148198649705241,0.015003913258694655,0.00029345073953876085
0.0265,0.015115803966218084,0.015021031809550195,0.015113687262127293,0.01514785975126947,0.01500395779534708,0.00029339912591228875
0.027,0.015115578377411669,0.01502137569058733,0.015113426377675675,0.01514752177103437,0.015004001415457003,0.00029334783767784577
0.0275,0.015115353290155025,0.015021717463706567,0.015113166203525904,0.015147184705016076,0.015004044133610573,0.0002932968731895926
0.027999999999999997,0.015115128702242938,0.015022057138581868,0.015112906736592697,0.015146848549266307,0.015004085964169361,0.00029324623081024515
0.028499999999999998,0.015114904611493861,0.015022394724843865,0.015112647973817731,0.015146513299871241,0.015004126921273757,0.0002931959089111349
0.028999999999999998,0.015114681015749882,0.01502273023208005,0.01511238991216952,0.01514617895295145,0.015004167018846444,0.0002931459058722384
0.0295,0.015114457912876387,0.015023063669835088,0.015112132548643123,0.015145845504661469,0.015004206270595564,0.00029309622008219684
0.03,0.015114235300761598,0.015023395047610954,0.0151118758802596,0.015145512951189167,0.015004244690018083,0.00029304684993829925
0.0305,0.015114013177316322,0.015023724374867231,0.015111619904065862,0.015145181288755426,0.015004282290402996,0.0002929977938464671
0.031,0.015113791540473598,0.015024051661021356,0.015111364617134174,0.015144850513613656,0.0150043190848346,0.00029294905022122695
0.0315,0.01511357038818841,0.01502437691544879,0.015111110016561952,0.015144520622049417,0.015004355086195593,0.0002929006174856667
0.032,0.01511334971843742,0.015024700147483335,0.01511085609947144,0.015144191610380078,0.015004390307170217,0.00029285249407139753
0.0325,0.015113129529218451,0.015025021366417158,0.015110602863009187,0.01514386347495411,0.015004424760247171,0.00029280467841850754
0.033,0.015112909818550398,0.01502534058150124,0.01511035030434599,0.015143536212151013,0.01500445845772259,0.0002927571689755044
0.033499999999999995,0.015112690584472942,0.015025657801945593,0.015110098420676434,0.015143209818380772,0.015004491411703201,0.0002927099641992831
0.033999999999999996,0.015112471825045869,0.01502597303691926,0.015109847209218487,0.01514288429008323,0.01500452363410916,0.00029266306255504917
0.034499999999999996,0.015112253538349342,0.015026286295550695,0.015109596667213485,0.015142559623728227,0.015004555136676812,0.0002926164625162846
0.034999999999999996,0.015112035722483257,0.015026597586928024,0.0151093467919256,0.01514223581581478,0.015004585930961429,0.0002925701625646867
0.0355,0.015111818375567002,0.015026906920099134,0.015109097580641587,0.01514191286287082,0.015004616028340276,0.000292524161190114
0.036,0.01511160149573922,0.015027214304071822,0.015108849030670531,0.015141590761452857,0.0150046454400151,0.00029247845689053234
0.0365,0.015111385081157554,0.015027519747814305,0.015108601139343543,0.015141269508145604,0.015004674177014971,0.0002924330481719633
0.037,0.015111169129998346,0.015027823260255172,0.015108353904013477,0.015140949099561598,0.015004702250198763,0.00029238793354842754
0.0375,0.01511095364045637,0.015028124850283644,0.015108107322054679,0.015140629532340842,0.015004729670257922,0.0002923431115418967
0.038,0.015110738610744528,0.015028424526749764,0.015107861390862563,0.015140310803150427,0.01500475644771892,0.0002922985806822268
0.0385,0.015110524039093702,0.015028722298464784,0.015107616107853637,0.01513999290868426,0.01500478259294591,0.0002922543395071219
0.039,0.015110309923752402,0.015029018174201028,0.015107371470464964,0.015139675845662682,0.015004808116143069,0.00029221038656206854
0.0395,0.015110096262986528,0.015029312162692378,0.015107127476153982,0.015139359610832065,0.015004833027357114,0.0002921667204002934
0.04,0.015109883055079095,0.015029604272634398,0.015106884122398245,0.015139044200964534,0.015004857336479726,0.00029212333958270384
0.0405,0.015109670298330219,0.01502989451268444,0.01510664140669534,0.015138729612857853,0.015004881053249907,0.0002920802426778379
0.040999999999999995,0.015109457991056468,0.015030182891461972,0.015106399326562282,0.015138415843334625,0.015004904187256373,0.0002920374282618168
0.041499999999999995,0.015109246131590953,0.015030469417548613,0.015106157879535557,0.015138102889242392,0.015004926747939736,0.00029199489491829654
0.041999999999999996,0.015109034718282989,0.01503075409948859,0.015105917063170783,0.015137790747453169,0.015004948744595075,0.00029195264123840683
0.042499999999999996,0.01510882374949779,0.015031036945788515,0.015105676875042398,0.01513747941486305,0.015004970186373551,0.0002919106658207158
0.043,0.015108613223616375,0.015031317964917922,0.015105437312743563,0.015137168888392094,0.015004991082285316,0.00029186896727117297
0.0435,0.015108403139035328,0.015031597165309517,0.01510519837388588,0.015136859164983944,0.01500501144120125,0.00029182754420305863
0.044,0.015108193494166441,0.015031874555359018,0.01510496005609906,0.015136550241605418,0.015005031271855223,0.0002917863952369451
0.0445,0.015107984287436649,0.015032150143425516,0.015104722357030828,0.015136242115246392,0.015005050582846291,0.00029174551900062995
0.045,0.015107775517287753,0.015032423937831753,0.015104485274346649,0.015135934782919419,0.015005069382640505,0.0002917049141291152
0.0455,0.015107567182176148,0.015032695946864174,0.015104248805729458,0.015135628241659423,0.015005087679573202,0.00029166457926453463
0.046,0.015107359280572887,0.01503296617877316,0.015104012948879577,0.015135322488523551,0.015005105481850741,0.0002916245130561267
0.0465,0.015107151810963046,0.01503323464177317,0.015103777701514356,0.015135017520590745,0.015005122797552863,0.0002915847141601764
0.047,0.015106944771845883,0.015033501344042948,0.01510354306136803,0.015134713334961598,0.015005139634634247,0.00029154518123997186
0.0475,0.015106738161734414,0.01503376629372575,0.015103309026191473,0.01513440992875787,0.015005156000926717,0.00029150591296576506
0.048,0.015106531979155423,0.015034029498929404,0.015103075593752104,0.01513410729912258,0.015005171904140925,0.00029146690801472026
0.048499999999999995,0.01510632622264908,0.01503429096772653,0.015102842761833511,0.01513380544321942,0.01500518735186828,0.00029142816507086804
0.048999999999999995,0.015106120890768886,0.015034550708154843,0.015102610528235411,0.015133504358232693,0.015005202351582859,0.00029138968282507553
0.049499999999999995,0.01510591598208143,0.015034808728217166,0.015102378890773394,0.015133204041366987,0.01500521691064294,0.0002913514599749767
0.049999999999999996,0.015105711495166204,0.01503506503588154,0.015102147847278697,0.015132904489846957,0.015005231036293254,0.00029131349522495373
0.050499999999999996,0.015105507428615394,0.01503531963908168,0.015101917395598012,0.015132605700916997,0.015005244735666227,0.00029127578728608557
0.051,0.015105303781033783,0.01503557254571688,0.015101687533593387,0.015132307671841108,0.01500525801578393,0.0002912383348760953
0.0515,0.015105100551038496,0.015035823763652173,0.015101458259141973,0.01513201039990263,0.015005270883559777,0.0002912011367193216
0.052,0.015104897737258875,0.015036073300718744,0.015101229570135703,0.01513171388240396,0.015005283345800194,0.0002911641915466706
0.0525,0.01510469533833631,0.015036321164713807,0.015101001464481536,0.015131418116666394,0.015005295409206233,0.0002911274980955767
0.053,0.015104493352924018,0.015036567363401029,0.015100773940100773,0.01513112310002983,0.015005307080375145,0.000291091055109957
0.0535,0.015104291779686925,0.01503681190451046,0.01510054699492919,0.01513082882985258,0.015005318365802045,0.0002910548613401767
0.054,0.015104090617301577,0.01503705479573887,0.015100320626916849,0.015130535303511236,0.015005329271881375,0.00029101891554300424
0.0545,0.015103889864455794,0.015037296044749772,0.015100094834027779,0.015130242518400252,0.01500533980490863,0.0002909832164815702
0.055,0.015103689519848714,0.01503753565917371,0.015099869614239989,0.015129950471931962,0.01500534997108158,0.0002909477629253284
0.0555,0.015103489582190321,0.015037773646608275,0.015099644965545,0.015129659161535983,0.01500535977650219,0.00029091255365001716
0.055999999999999994,0.015103290050201763,0.015038010014618377,0.015099420885948152,0.015129368584659578,0.015005369227177682,0.00029087758743762663
0.056499999999999995,0.015103090922614824,0.015038244770736345,0.015099197373468059,0.015129078738766986,0.015005378329022257,0.0002908428630763454
0.056999999999999995,0.015102892198171968,0.015038477922462292,0.015098974426136603,0.015128789621339477,0.015005387087858237,0.0002908083793605381
0.057499999999999996,0.015102693875626063,0.01503870947726376,0.015098752041998788,0.015128501229874976,0.015005395509417813,0.00029077413509069014
0.057999999999999996,0.01510249595374033,0.015038939442576418,0.015098530219112505,0.015128213561887977,0.015005403599344313,0.00029074012907338165
0.058499999999999996,0.01510229843128815,0.015039167825803765,0.015098308955548447,0.015127926614909321,0.01500541136319334,0.0002907063601212471
0.059,0.015102101307052942,0.015039394634317745,0.015098088249389935,0.015127640386485973,0.015005418806434523,0.0002906728270529431
0.0595,0.015101904579828053,0.015039619875458666,0.01509786809873279,0.015127354874180885,0.015005425934452398,0.00029063952869310224
0.06,0.015101708248416603,0.015039843556534928,0.015097648501685218,0.015127070075572862,0.015005432752548032,0.00029060646387229626
0.0605,0.015101512311631303,0.015040065684823961,0.015097429456367563,0.0151267859882562,0.01500543926594014,0.0002905736314270129
0.061,0.015101316768294381,0.015040286267571933,0.015097210960912237,0.015126502609840631,0.01500544547976658,0.00029054103019960563
0.0615,0.015101121617237477,0.015040505311993864,0.015096993013463646,0.0151262199379512,0.015005451399085152,0.00029050865903826323
0.062,0.015100926857301347,0.015040722825273894,0.01509677561217788,0.015125937970227916,0.015005457028875275,0.0002904765167969734
0.0625,0.015100732487336115,0.015040938814565323,0.015096558755222788,0.015125656704325805,0.015005462374038905,0.0002904446023354924
0.063,0.015100538506200613,0.015041153286990995,0.01509634244077765,0.015125376137914488,0.015005467439401949,0.0002904129145193055
0.0635,0.015100344912762695,0.015041366249643062,0.015096126667033161,0.015125096268678199,0.015005472229715178,0.00029038145221958614
0.064,0.015100151705899017,0.015041577709583441,0.015095911432191373,0.015124817094315663,0.015005476749655517,0.0002903502143131749
0.0645,0.015099958884494688,0.015041787673843798,0.01509569673446527,0.015124538612539594,0.015005481003827226,0.000290319199682535
0.065,0.01509976644744348,0.01504199614942574,0.015095482572079011,0.015124260821076974,0.015005484996763137,0.0002902884072157249
0.0655,0.01509957439364752,0.015042203143300936,0.015095268943267591,0.015123983717668632,0.015005488732924972,0.000290257835806362
0.066,0.01509938272201721,0.015042408662411149,0.015095055846276746,0.015123707300069136,0.015005492216705638,0.0002902274843535944
0.0665,0.01509919143147117,0.015042612713668732,0.0150948432793629,0.015123431566046695,0.015005495452429445,0.0002901973517620529
0.06699999999999999,0.015099000520936065,0.015042815303956328,0.015094631240792994,0.01512315651338296,0.015005498444353421,0.0002901674369418405
0.06749999999999999,0.015098809989346491,0.015043016440127255,0.015094419728844326,0.015122882139872822,0.015005501196668358,0.0002901377388084751
0.06799999999999999,0.015098619835644925,0.01504321612900556,0.015094208741804548,0.015122608443324389,0.01500550371349954,0.00029010825628288036
0.06849999999999999,0.015098430058781562,0.015043414377386134,0.015093998277971447,0.015122335421558723,0.015005505998908254,0.0002900789882913376
0.06899999999999999,0.015098240657714194,0.015043611192034893,0.015093788335652798,0.015122063072409684,0.015005508056892441,0.0002900499337654644
0.06949999999999999,0.015098051631408375,0.015043806579688951,0.015093578913166667,0.015121791393724165,0.0150055098913877,0.00029002109164217676
0.06999999999999999,0.01509786297883685,0.015044000547056659,0.015093370008840605,0.015121520383361304,0.015005511506268198,0.0002899924608636584
0.0705,0.015097674698979805,0.015044193100817707,0.015093161621012055,0.015121250039192815,0.015005512905347981,0.00028996404037733443
0.071,0.01509748679082463,0.015044384247623437,0.015092953748028057,0.015120980359102676,0.015005514092381345,0.000289935829135836
0.0715,0.015097299253365896,0.015044573994096764,0.015092746388245204,0.01512071134098708,0.015005515071064103,0.00028990782609696986
0.072,0.015097112085605224,0.015044762346832387,0.015092539540029535,0.015120442982754254,0.015005515845034328,0.00028988003022369243
0.0725,0.015096925286551148,0.015044949312396944,0.015092333201756394,0.015120175282324348,0.015005516417873415,0.0002898524404840739
0.073,0.015096738855219173,0.015045134897329102,0.015092127371810395,0.01511990823762932,0.015005516793106695,0.0002898250558512742
0.0735,0.015096552790631485,0.015045319108139702,0.015091922048585225,0.015119641846612748,0.015005516974204654,0.0002897978753035099
0.074,0.015096367091817003,0.015045501951311843,0.015091717230483664,0.015119376107229797,0.0150055169645834,0.0002897708978240251
0.0745,0.01509618175781119,0.015045683433301106,0.01509151291591735,0.015119111017446937,0.015005516767605717,0.00028974412240105976
0.075,0.015095996787656066,0.015045863560535498,0.015091309103306819,0.015118846575242036,0.015005516386581862,0.00028971754802783144
0.0755,0.015095812180400108,0.015046042339415743,0.015091105791081418,0.015118582778604155,0.015005515824770286,0.0002896911737024955
0.076,0.015095627935098057,0.015046219776315435,0.01509090297767898,0.015118319625533297,0.015005515085378474,0.00028966499842811603
0.0765,0.015095444050810992,0.015046395877580925,0.01509070066154609,0.015118057114040519,0.015005514171563754,0.0002896390212126462
0.077,0.01509526052660614,0.01504657064953163,0.015090498841137737,0.015117795242147668,0.015005513086434084,0.0002896132410688915
0.0775,0.015095077361556818,0.015046744098460074,0.015090297514917299,0.015117534007887286,0.015005511833048709,0.0002895876570144921
0.078,0.01509489455474234,0.015046916230632128,0.015090096681356416,0.015117273409302499,0.01500551041441903,0.00028956226807188846
0.0785,0.015094712105247992,0.015047087052286932,0.015089896338935014,0.015117013444446957,0.015005508833509231,0.00028953707326829245
0.079,0.01509453001216497,0.0150472565696372,0.015089696486141165,0.015116754111384753,0.015005507093237093,0.00028951207163566026
0.0795,0.015094348274590098,0.0150474247888692,0.015089497121470848,0.015116495408190054,0.015005505196474677,0.0002894872622106721
0.08,0.015094166891626177,0.015047591716142986,0.015089298243428277,0.015116237332947544,0.015005503146048977,0.00028946264403469833
0.0805,0.015093985862381436,0.015047757357592374,0.015089099850525341,0.015115979883751698,0.015005500944742723,0.00028943821615377775
0.081,0.015093805185969743,0.015047921719325208,0.015088901941281796,0.015115723058707045,0.015005498595294894,0.0002894139776185877
0.0815,0.015093624861510476,0.015048084807423359,0.015088704514225155,0.015115466855928005,0.015005496100401583,0.00028938992748441835
0.08199999999999999,0.015093444888128355,0.01504824662794285,0.015088507567890501,0.015115211273538662,0.01500549346271645,0.00028936606481115004
0.08249999999999999,0.015093265264953592,0.015048407186914223,0.015088311100820586,0.015114956309672896,0.01500549068485159,0.00028934238866322226
0.08299999999999999,0.015093085991121566,0.01504856649034191,0.015088115111565627,0.015114701962474105,0.015005487769378005,0.0002893188981096072
0.08349999999999999,0.015092907065772996,0.015048724544205354,0.015087919598683306,0.015114448230095208,0.01500548471882636,0.0002892955922238005
0.08399999999999999,0.015092728488053661,0.015048881354458497,0.015087724560738595,0.015114195110698449,0.015005481535687381,0.00028927247008377077
0.08449999999999999,0.015092550257114453,0.015049036927029961,0.015087529996303759,0.015113942602455355,0.015005478222412811,0.00028924953077195275
0.08499999999999999,0.015092372372111347,0.01504919126782326,0.01508733590395832,0.01511369070354673,0.015005474781415793,0.0002892267733752133
0.08549999999999999,0.015092194832205247,0.015049344382716795,0.015087142282288926,0.015113439412162461,0.015005471215071385,0.0002892041969848342
0.086,0.015092017636561875,0.015049496277564123,0.015086949129889197,0.015113188726501353,0.01500546752571736,0.0002891818006964798
0.0865,0.015091840784351922,0.015049646958193896,0.015086756445359886,0.015112938644771276,0.015005463715654616,0.00028915958361017845
0.087,0.015091664274750817,0.01504979643041016,0.015086564227308634,0.015112689165188922,0.015005459787147776,0.00028913754483029364
0.0875,0.015091488106938685,0.015049944699992232,0.015086372474349928,0.015112440285979694,0.015005455742425875,0.0002891156834655089
0.088,0.015091312280100319,0.015050091772695059,0.015086181185105055,0.015112192005377691,0.01500545158368263,0.0002890939986287893
0.0885,0.015091136793425136,0.01505023765424902,0.015085990358202078,0.015111944321625631,0.015005447313077331,0.00028907248943736604
0.089,0.01509096164610708,0.015050382350360306,0.015085799992275689,0.015111697232974718,0.015005442932735097,0.0002890511550127196
0.0895,0.015090786837344538,0.01505052586671086,0.015085610085967151,0.015111450737684521,0.015005438444747542,0.00028902999448054853
0.09,0.01509061236634046,0.015050668208958513,0.01508542063792442,0.015111204834023152,0.015005433851173236,0.0002890090069707451
0.0905,0.015090438232302108,0.015050809382737331,0.015085231646801827,0.015110959520266845,0.015005429154038175,0.00028898819161737735
0.091,0.01509026443444102,0.0150509493936573,0.015085043111260105,0.015110714794700025,0.015005424355336337,0.0002889675475586584
0.0915,0.015090090971973114,0.015051088247304589,0.01508485502996645,0.015110470655615344,0.015005419457030267,0.0002889470739369315
0.092,0.015089917844118365,0.01505122594924186,0.015084667401594226,0.01511022710131329,0.015005414461051384,0.0002889267698986465
0.0925,0.01508974505010109,0.015051362505007973,0.015084480224823168,0.01510998413010255,0.015005409369300537,0.0002889066345943346
0.093,0.015089572589149627,0.015051497920118525,0.01508429349833914,0.015109741740299566,0.015005404183648452,0.000288886667178592
0.0935,0.015089400460496422,0.015051632200065673,0.015084107220834142,0.015109499930228627,0.01500539890593627,0.0002888668668100465
0.094,0.015089228663377948,0.01505176535031822,0.015083921391006297,0.015109258698221849,0.015005393537975914,0.00028884723265134747
0.0945,0.015089057197034628,0.015051897376321935,0.01508373600755971,0.015109018042618928,0.015005388081550526,0.00028882776386913767
0.095,0.015088886060710814,0.015052028283499412,0.015083551069204443,0.015108777961767217,0.0150053825384151,0.00028880845963402826
0.0955,0.015088715253654721,0.01505215807725026,0.015083366574656485,0.015108538454021577,0.015005376910296717,0.00028878931912059206
0.096,0.01508854477511844,0.015052286762951199,0.01508318252263772,0.015108299517744412,0.015005371198894963,0.00028877034150732696
0.0965,0.015088374624357824,0.015052414345956286,0.0150829989118758,0.015108061151305478,0.015005365405882485,0.00028875152597663536
0.09699999999999999,0.015088204800632433,0.015052540831596711,0.015082815741104134,0.015107823353081857,0.015005359532905316,0.00028873287171481674
0.09749999999999999,0.015088035303205549,0.015052666225181196,0.015082633009061827,0.015107586121457923,0.015005353581583293,0.0002887143779120321
0.09799999999999999,0.01508786613134417,0.015052790531995831,0.015082450714493743,0.015107349454825374,0.015005347553510469,0.00028869604376229697
0.09849999999999999,0.015087697284318755,0.015052913757304562,0.015082268856150152,0.015107113351582772,0.01500534145025563,0.0002886778684634437
0.09899999999999999,0.015087528761403441,0.015053035906348803,0.015082087432787064,0.015106877810136025,0.01500533527336248,0.00028865985121711256
0.09949999999999999,0.01508736056187589,0.015053156984347794,0.015081906443165849,0.015106642828897994,0.015005329024350028,0.0002886419912287332
0.09999999999999999,0.01508719268501722,0.015053276996498704,0.01508172588605353,0.015106408406288479,0.0150053227047132,0.00028862428770749603
0.10049999999999999,0.015087025130111958,0.015053395947976644,0.01508154576022235,0.015106174540734143,0.015005316315923035,0.0002886067398663388
0.10099999999999999,0.015086857896448116,0.01505351384393483,0.015081366064450048,0.015105941230668591,0.015005309859427092,0.00028858934692192533
0.10149999999999999,0.015086690983317008,0.015053630689504537,0.015081186797519608,0.015105708474532133,0.015005303336649761,0.0002885721080946231
0.102,0.015086524390013302,0.01505374648979536,0.015081007958219365,0.015105476270771866,0.015005296748992755,0.00028855502260848953
0.1025,0.015086358115834916,0.015053861249895311,0.015080829545342766,0.015105244617841435,0.015005290097835274,0.00028853808969124577
0.103,0.015086192160083086,0.015053974974870736,0.015080651557688583,0.015105013514201295,0.015005283384534496,0.0002885213085742587
0.1035,0.01508602652206218,0.015054087669766486,0.015080473994060631,0.01510478295831825,0.015005276610425843,0.00028850467849252147
0.104,0.01508586120107984,0.015054199339606106,0.015080296853267927,0.015104552948665783,0.015005269776823394,0.00028848819868464257
0.1045,0.01508569619644673,0.01505430998939175,0.015080120134124428,0.015104323483723687,0.015005262885020097,0.0002884718683928184
0.105,0.015085531507476747,0.015054419624104474,0.015079943835449229,0.015104094561978273,0.015005255936288183,0.00028845568686281084
0.1055,0.015085367133486679,0.015054528248704136,0.015079767956066222,0.015103866181921994,0.015005248931879465,0.0002884396533439403
0.106,0.015085203073796502,0.015054635868129556,0.015079592494804403,0.015103638342053777,0.015005241873025618,0.0002884237670890563
0.1065,0.015085039327729177,0.015054742487298644,0.015079417450497635,0.015103411040878777,0.015005234760938633,0.00028840802735452867
0.107,0.01508487589461058,0.015054848111108474,0.015079242821984574,0.015103184276908248,0.015005227596810892,0.0002883924334002181
0.1075,0.015084712773769493,0.015054952744435331,0.015079068608108695,0.01510295804865958,0.015005220381815584,0.0002883769844894692
0.108,0.01508454996453774,0.015055056392134829,0.015078894807718353,0.015102732354656381,0.0150052131171071,0.0002883616798890804
0.1085,0.015084387466249882,0.015055159059041947,0.015078721419666515,0.015102507193428164,0.01500520580382112,0.00028834651886929614
0.109,0.015084225278243369,0.015055260749971135,0.01507854844281094,0.015102282563510502,0.015005198443075067,0.00028833150070378856
0.1095,0.015084063399858422,0.015055361469716522,0.015078375876013968,0.015102058463444833,0.015005191035968354,0.0002883166246696345
0.11,0.015083901830438095,0.01505546122305181,0.015078203718142622,0.01510183489177857,0.015005183583582564,0.0002883018900472957
0.1105,0.015083740569328121,0.015055560014730431,0.015078031968068496,0.015101611847064924,0.015005176086982165,0.00028828729612061075
0.111,0.015083579615876992,0.015055657849485655,0.015077860624667738,0.01510138932786293,0.015005168547213458,0.000288272842176769
0.1115,0.015083418969435906,0.015055754732030803,0.015077689686821034,0.015101167332737395,0.015005160965306753,0.0002882585275063033
0.11199999999999999,0.015083258629358666,0.015055850667059032,0.015077519153413526,0.015100945860258803,0.015005153342275337,0.0002882443514030543
0.11249999999999999,0.015083098595001876,0.015055945659243643,0.015077349023334961,0.015100724909003526,0.015005145679116094,0.00028823031316417596
0.11299999999999999,0.01508293886572432,0.01505603971323808,0.015077179295479092,0.015100504477552963,0.015005137976809713,0.0002882164120900994
0.11349999999999999,0.015082779440887779,0.015056132833676053,0.015077009968744412,0.015100284564494701,0.015005130236320966,0.0002882026474845316
0.11399999999999999,0.015082620319856363,0.015056225025171467,0.015076841042033702,0.015100065168421628,0.015005122458598967,0.0002881890186544257
0.11449999999999999,0.01508246150199685,0.015056316292318832,0.015076672514254015,0.015099846287932175,0.01500511464457737,0.00028817552490997497
0.11499999999999999,0.01508230298667841,0.01505640663969308,0.015076504384316704,0.015099627921630216,0.015005106795174698,0.0002881621655645887
0.11549999999999999,0.015082144773272686,0.01505649607184961,0.015076336651137353,0.015099410068125025,0.01500509891129436,0.0002881489399348773
0.11599999999999999,0.015081986861153779,0.015056584593324585,0.015076169313635795,0.015099192726031262,0.015005090993825184,0.0002881358473406401
0.11649999999999999,0.015081829249698185,0.015056672208634882,0.015076002370735982,0.015098975893968884,0.015005083043641414,0.0002881228871048444
0.11699999999999999,0.015081671938284852,0.015056758922278144,0.01507583582136614,0.015098759570563244,0.015005075061603076,0.00028811005855361086
0.1175,0.01508151492629498,0.015056844738732906,0.015075669664458485,0.015098543754444776,0.015005067048556099,0.00028809736101619737
0.118,0.015081358213112237,0.0150569296624587,0.015075503898949407,0.015098328444249366,0.015005059005332581,0.0002880847938249847
0.1185,0.015081201798122551,0.01505701369789608,0.01507533852377941,0.0150981136386179,0.015005050932750928,0.00028807235631545783
0.119,0.015081045680714097,0.015057096849466723,0.015075173537892903,0.015097899336196414,0.015005042831616282,0.0002880600478261925
0.1195,0.01508088986027742,0.015057179121573526,0.015075008940238428,0.015097685535636148,0.015005034702720464,0.00028804786769883774
0.12,0.015080734336205201,0.015057260518600608,0.015074844729768411,0.015097472235593306,0.015005026546842293,0.00028803581527810497
0.1205,0.015080579107892471,0.015057341044913701,0.015074680905439293,0.015097259434729206,0.01500501836474779,0.0002880238899117421
0.121,0.015080424174736323,0.015057420704859423,0.01507451746621138,0.015097047131710081,0.015005010157190458,0.00028801209095052606
0.1215,0.015080269536136141,0.01505749950276637,0.015074354411048922,0.015096835325207189,0.015005001924911263,0.00028800041774825684
0.122,0.015080115191493422,0.015057577442944553,0.015074191738920018,0.01509662401389669,0.015004993668639043,0.00028798886966172483
0.1225,0.015079961140211807,0.015057654529685728,0.015074029448796588,0.015096413196459612,0.015004985389090543,0.0002879774460507006
0.123,0.015079807381697022,0.015057730767263248,0.015073867539654385,0.01509620287158186,0.015004977086970715,0.0002879661462779249
0.1235,0.015079653915357,0.015057806159932411,0.015073706010472986,0.015095993037954225,0.01500496876297287,0.00028795496970909204
0.124,0.01507950074060164,0.015057880711930314,0.015073544860235676,0.015095783694272195,0.01500496041777874,0.00028794391571283377
0.1245,0.015079347856842918,0.01505795442747608,0.015073384087929471,0.01509557483923603,0.015004952052058871,0.00028793298366070456
0.125,0.01507919526349485,0.015058027310770787,0.015073223692545127,0.015095366471550726,0.015004943666472616,0.0002879221729271644
0.1255,0.015079042959973482,0.015058099365997713,0.015073063673077036,0.015095158589925987,0.015004935261668415,0.0002879114828895695
0.126,0.015078890945696831,0.015058170597322163,0.015072904028523305,0.015094951193076135,0.015004926838283932,0.00028790091292815956
0.1265,0.015078739220084908,0.015058241008891885,0.01507274475788564,0.015094744279720147,0.015004918396946138,0.0002878904624260308
0.127,0.015078587782559725,0.015058310604836783,0.015072585860169409,0.015094537848581661,0.015004909938271678,0.0002878801307691438
0.1275,0.015078436632545168,0.015058379389269278,0.01507242733438351,0.015094331898388791,0.015004901462866801,0.00028786991734628585
0.128,0.015078285769467063,0.015058447366284247,0.015072269179540411,0.015094126427874194,0.015004892971327654,0.0002878598215490661
0.1285,0.015078135192753162,0.015058514539959007,0.015072111394656145,0.015093921435775107,0.015004884464240476,0.0002878498427719084
0.129,0.015077984901832773,0.01505858091435364,0.015071953978749924,0.01509371692083271,0.015004875942181644,0.000287839980412025
0.1295,0.015077834896137997,0.01505864649351078,0.015071796930845387,0.015093512881793981,0.01500486740571776,0.00028783023386941595
0.13,0.01507768517510187,0.015058711281455832,0.015071640249968718,0.01509330931740902,0.015004858855406044,0.00028782060254684547
0.1305,0.015077535738159573,0.015058775282197116,0.015071483935149862,0.015093106226432763,0.015004850291794367,0.0002878110858498313
0.131,0.01507738658474814,0.01505883849972595,0.015071327985422203,0.015092903607624492,0.015004841715421338,0.00028780168318662936
0.1315,0.015077237714306293,0.015058900938016113,0.01507117239982248,0.015092701459747782,0.015004833126816424,0.000287792393968222
0.132,0.015077089126274668,0.015058962601024899,0.015071017177390877,0.015092499781570614,0.01500482452650024,0.00028778321760831576
0.1325,0.015076940820095641,0.015059023492692608,0.015070862317170912,0.015092298571865188,0.015004815914984612,0.00028777415352330445
0.133,0.015076792795213281,0.015059083616942654,0.015070707818209418,0.015092097829407914,0.01500480729277262,0.00028776520113227326
0.1335,0.015076645051073442,0.015059142977681746,0.015070553679556566,0.015091897552979502,0.015004798660358854,0.0002877563598569794
0.13399999999999998,0.015076497587123705,0.01505920157879984,0.015070399900265836,0.015091697741364823,0.015004790018229585,0.0002877476291218402
0.13449999999999998,0.01507635040281333,0.015059259424170308,0.01507024647939396,0.015091498393352921,0.015004781366862702,0.0002877390083539193
0.13499999999999998,0.015076203497593282,0.015059316517650011,0.015070093416000931,0.015091299507736973,0.01500477270672805,0.0002877304969829141
0.13549999999999998,0.015076056870916218,0.0150593728630792,0.015069940709150008,0.015091101083314322,0.015004764038287417,0.00028772209444114785
0.13599999999999998,0.015075910522236446,0.01505942846428177,0.015069788357907626,0.01509090311888638,0.0150047553619947,0.00028771380016354804
0.13649999999999998,0.015075764451009924,0.015059483325065359,0.015069636361343442,0.015090705613258617,0.015004746678296052,0.0002877056135876414
0.13699999999999998,0.015075618656694226,0.015059537449221089,0.015069484718530278,0.015090508565240565,0.015004737987630036,0.00028769753415353434
0.13749999999999998,0.0150754731387486,0.01505959084052409,0.015069333428544144,0.015090311973645807,0.015004729290427666,0.00028768956130390515
0.13799999999999998,0.01507532789663384,0.015059643502733235,0.01506918249046414,0.015090115837291845,0.01500472058711245,0.0002876816944839909
0.13849999999999998,0.015075182929812381,0.015059695439591302,0.015069031903372533,0.015089920155000248,0.015004711878100723,0.0002876739331415787
0.13899999999999998,0.015075038237748197,0.015059746654825052,0.015068881666354665,0.015089724925596472,0.015004703163801656,0.0002876662767269827
0.13949999999999999,0.01507489381990687,0.015059797152145327,0.015068731778498969,0.015089530147909919,0.015004694444617273,0.0002876587246930403
0.13999999999999999,0.015074749675755507,0.015059846935247066,0.015068582238896946,0.01508933582077389,0.015004685720942703,0.000287651276495097
0.14049999999999999,0.015074605804762765,0.015059896007809328,0.015068433046643097,0.015089141943025559,0.015004676993166202,0.000287643931590997
0.141,0.01507446220639885,0.015059944373495487,0.015068284200835105,0.015088948513506029,0.015004668261669322,0.0002876366894410633
0.1415,0.015074318880135433,0.015059992035953155,0.015068135700573457,0.0150887555310601,0.015004659526826959,0.0002876295495080985
0.142,0.015074175825445736,0.015060038998814336,0.015067987544961768,0.015088562994536493,0.015004650789007472,0.00028762251125736426
0.1425,0.015074033041804427,0.015060085265695598,0.015067839733106556,0.015088370902787638,0.015004642048572813,0.00028761557415656535
0.143,0.015073890528687756,0.015060130840197533,0.015067692264117439,0.015088179254669922,0.015004633305878605,0.0002876087376758508
0.1435,0.015073748285573346,0.015060175725905772,0.015067545137106843,0.015087988049043292,0.015004624561274231,0.0002876020012877945
0.144,0.015073606311940277,0.015060219926390348,0.015067398351190137,0.015087797284771444,0.01500461581510297,0.00028759536446738176
0.1445,0.015073464607269127,0.015060263445206114,0.01506725190548565,0.015087606960721867,0.015004607067702024,0.000287588826692001
0.145,0.01507332317104187,0.015060306285892491,0.015067105799114565,0.015087417075765644,0.015004598319402698,0.00028758238744143336
0.1455,0.015073182002741914,0.0150603484519738,0.015066960031200958,0.015087227628777579,0.015004589570530389,0.0002875760461978338
0.146,0.015073041101854071,0.015060389946959234,0.015066814600871772,0.015087038618636101,0.015004580821404606,0.00028756980244572624
0.1465,0.015072900467864572,0.015060430774342902,0.015066669507256778,0.015086850044223261,0.015004572072339769,0.0002875636556719927
0.147,0.015072760100261186,0.015060470937603864,0.015066524749488757,0.015086661904424932,0.015004563323644164,0.0002875576053658579
0.1475,0.015072619998532592,0.015060510440206235,0.015066380326702841,0.015086474198129989,0.01500455457562071,0.000287551651018885
0.148,0.015072480162169314,0.015060549285599273,0.015066236238037399,0.015086286924231406,0.015004545828566956,0.0002875457921249562
0.1485,0.015072340590663069,0.015060587477217398,0.015066092482633443,0.015086100081625557,0.015004537082775124,0.00028754002818026273
0.149,0.01507220128350692,0.015060625018480177,0.015065949059634775,0.015085913669212329,0.01500452833853222,0.00028753435868330657
0.1495,0.01507206224019527,0.015060661912792624,0.015065805968187903,0.015085727685895094,0.015004519596120085,0.0002875287831348716
0.15,0.015071923460223886,0.015060698163544934,0.015065663207442135,0.01508554213058078,0.015004510855815473,0.0002875233010380193
0.1505,0.015071784943089802,0.01506073377411282,0.015065520776549457,0.015085357002179705,0.015004502117890181,0.00028751791189808254
0.151,0.01507164668829137,0.015060768747857447,0.015065378674664561,0.015085172299605655,0.015004493382611077,0.00028751261522264764
0.1515,0.015071508695328311,0.01506080308812549,0.015065236900944906,0.015084988021775925,0.01500448465024017,0.0002875074105215579
0.152,0.015071370963701536,0.015060836798249167,0.015065095454550545,0.015084804167611135,0.01500447592103473,0.0002875022973068807
0.1525,0.015071233492913325,0.015060869881546425,0.015064954334644266,0.015084620736035365,0.01500446719524733,0.0002874972750929123
0.153,0.015071096282467165,0.01506090234132084,0.015064813540391468,0.015084437725976039,0.015004458473125953,0.00028749234339616256
0.1535,0.015070959331867894,0.015060934180861818,0.015064673070960231,0.015084255136363968,0.015004449754914011,0.0002874875017353493
0.154,0.015070822640621538,0.015060965403444483,0.015064532925521252,0.015084072966133323,0.015004441040850466,0.00028748274963138023
0.1545,0.015070686208235299,0.015060996012329906,0.015064393103247744,0.01508389121422148,0.015004432331169888,0.0002874780866073512
0.155,0.015070550034217754,0.015061026010765113,0.015064253603315656,0.015083709879569274,0.015004423626102489,0.0002874735121885267
0.1555,0.01507041411807867,0.01506105540198292,0.015064114424903503,0.015083528961120843,0.015004414925874269,0.000287469025902338
0.156,0.015070278459329007,0.015061084189202567,0.0150639755671923,0.015083348457823479,0.015004406230706965,0.0002874646272783661
0.1565,0.015070143057480941,0.015061112375629078,0.015063837029365673,0.015083168368627818,0.015004397540818297,0.00028746031584833253
0.157,0.015070007912047873,0.015061139964453709,0.015063698810609798,0.015082988692487751,0.01500438885642175,0.0002874560911460982
0.1575,0.015069873022544448,0.015061166958853948,0.015063560910113431,0.015082809428360395,0.015004380177726958,0.0002874519527076404
0.158,0.015069738388486326,0.015061193361993627,0.015063423327067673,0.015082630575205948,0.015004371504939572,0.0002874479000710545
0.1585,0.015069604009390522,0.015061219177022729,0.015063286060666327,0.015082452131987991,0.015004362838261388,0.00028744393277653176
0.159,0.015069469884775175,0.015061244407077823,0.015063149110105626,0.015082274097673204,0.015004354177890342,0.0002874400503663599
0.1595,0.015069336014159579,0.01506126905528177,0.015063012474584267,0.015082096471231432,0.01500434552402066,0.0002874362523849109
0.16,0.01506920239706419,0.015061293124743967,0.01506287615330347,0.01508191925163569,0.015004336876842871,0.0002874325383786293
0.1605,0.015069069033010635,0.015061316618560383,0.01506274014546688,0.01508174243786214,0.01500432823654386,0.0002874289078960191
0.161,0.015068935921521658,0.0150613395398135,0.015062604450280608,0.015081566028890015,0.01500431960330689,0.0002874253604876437
0.1615,0.015068803062121114,0.015061361891572552,0.015062469066953153,0.015081390023701657,0.015004310977311853,0.00028742189570610634
0.162,0.015068670454334028,0.015061383676893303,0.015062333994695509,0.015081214421282551,0.015004302358735023,0.0002874185131060516
0.1625,0.0150685380976866,0.015061404898818655,0.015062199232721073,0.015081039220621255,0.015004293747749312,0.0002874152122441446
0.163,0.015068405991706018,0.015061425560377975,0.015062064780245589,0.015080864420709304,0.015004285144524294,0.0002874119926790675
0.1635,0.015068274135920707,0.015061445664587616,0.01506193063648728,0.015080690020541408,0.015004276549226226,0.0002874088539715041
0.16399999999999998,0.0150681425298601,0.015061465214450858,0.015061796800666672,0.015080516019115198,0.015004267962018114,0.0002874057956841423
0.16449999999999998,0.01506801117305476,0.015061484212957967,0.01506166327200668,0.015080342415431353,0.015004259383059779,0.00028740281738165034
0.16499999999999998,0.015067880065036315,0.015061502663086158,0.015061530049732574,0.015080169208493557,0.015004250812507886,0.00028739991863068533
0.16549999999999998,0.015067749205337554,0.015061520567799816,0.015061397133072031,0.015079996397308556,0.015004242250515989,0.0002873970989998648
0.16599999999999998,0.015067618593492253,0.015061537930050398,0.015061264521254985,0.015079823980885967,0.015004233697234646,0.0002873943580597692
0.16649999999999998,0.015067488229035272,0.015061554752776601,0.015061132213513665,0.015079651958238396,0.015004225152811352,0.00028739169538293555
0.16699999999999998,0.015067358111502584,0.015061571038904313,0.015061000209082813,0.015079480328381453,0.015004216617390681,0.00028738911054383573
0.16749999999999998,0.015067228240431175,0.015061586791346766,0.01506086850719923,0.015079309090333618,0.01500420809111429,0.00028738660311887466
0.16799999999999998,0.015067098615359084,0.015061602013004433,0.015060737107102137,0.015079138243116337,0.015004199574120974,0.00028738417268639157
0.16849999999999998,0.015066969235825444,0.0150616167067653,0.015060606008033028,0.015078967785753952,0.015004191066546758,0.00028738181882663065
0.16899999999999998,0.015066840101370353,0.015061630875504703,0.015060475209235653,0.015078797717273685,0.015004182568524843,0.0002873795411217416
0.16949999999999998,0.015066711211534991,0.015061644522085436,0.01506034470995604,0.01507862803670567,0.015004174080185749,0.0002873773391557819
0.16999999999999998,0.015066582565861537,0.015061657649358014,0.015060214509442428,0.01507845874308286,0.015004165601657285,0.0002873752125146896
0.17049999999999998,0.01506645416389323,0.015061670260160379,0.01506008460694536,0.01507828983544113,0.015004157133064631,0.00028737316078628435
0.17099999999999999,0.015066326005174274,0.015061682357318175,0.01505995500171756,0.015078121312819142,0.015004148674530376,0.0002873711835602601
0.17149999999999999,0.015066198089249963,0.015061693943644745,0.015059825693014022,0.015077953174258462,0.015004140226174545,0.00028736928042816847
0.172,0.015066070415666521,0.015061705021941133,0.015059696680091932,0.015077785418803426,0.015004131788114671,0.0002873674509834225
0.1725,0.015065942983971148,0.015061715594996208,0.015059567962210594,0.015077618045501104,0.015004123360465815,0.00028736569482127765
0.173,0.01506581579371216,0.015061725665586731,0.015059439538631663,0.01507745105340153,0.015004114943340575,0.00028736401153882444
0.1735,0.01506568884443878,0.015061735236477327,0.0150593114086189,0.015077284441557424,0.015004106536849162,0.00028736240073498246
0.174,0.015065562135701182,0.015061744310420417,0.015059183571438182,0.015077118209024232,0.015004098141099431,0.0002873608620104988
0.1745,0.015065435667050573,0.015061752890156545,0.015059056026357629,0.015076952354860229,0.015004089756196944,0.0002873593949679251
0.175,0.015065309438039125,0.015061760978414341,0.015058928772647489,0.015076786878126419,0.015004081382244999,0.0002873579992116226
0.1755,0.015065183448219992,0.015061768577910434,0.015058801809580176,0.015076621777886557,0.015004073019344585,0.0002873566743477451
0.176,0.015065057697147215,0.015061775691349638,0.015058675136430192,0.015076457053207051,0.015004064667594517,0.00028735541998423244
0.1765,0.015064932184375919,0.015061782321424877,0.015058548752474199,0.015076292703157112,0.01500405632709143,0.00028735423573080713
0.177,0.015064806909462087,0.015061788470817405,0.015058422656991005,0.015076128726808616,0.01500404799792984,0.0002873531211989607
0.1775,0.015064681871962667,0.015061794142196569,0.015058296849261476,0.015075965123236102,0.015004039680202141,0.00028735207600195153
0.178,0.015064557071435577,0.01506179933822039,0.015058171328568596,0.015075801891516813,0.01500403137399869,0.00028735109975478574
0.1785,0.015064432507439676,0.015061804061534947,0.015058046094197457,0.015075639030730668,0.015004023079407727,0.0002873501920742178
0.179,0.015064308179534724,0.015061808314774855,0.015057921145435213,0.015075476539960213,0.015004014796515586,0.00028734935257874794
0.1795,0.015064184087281484,0.015061812100563126,0.015057796481571158,0.015075314418290724,0.015004006525406588,0.0002873485808886013
0.18,0.015064060230241486,0.01506181542151135,0.015057672101896484,0.015075152664809896,0.015003998266163089,0.0002873478766257279
0.1805,0.015063936607977358,0.015061818280219694,0.015057548005704606,0.01507499127860828,0.01500399001886559,0.0002873472394137942
0.181,0.01506381322005257,0.015061820679276888,0.015057424192290952,0.015074830258778952,0.015003981783592683,0.0002873466688781712
0.1815,0.01506369006603149,0.015061822621260278,0.015057300660952927,0.015074669604417558,0.01500397356042112,0.00028734616464593643
0.182,0.01506356714547945,0.015061824108736077,0.01505717741099006,0.015074509314622396,0.015003965349425847,0.0002873457263458538
0.1825,0.015063444457962635,0.015061825144259045,0.01505705444170383,0.015074349388494297,0.015003957150680019,0.0002873453536083692
0.183,0.015063322003048132,0.015061825730372803,0.01505693175239774,0.015074189825136659,0.015003948964255023,0.0002873450460656121
0.1835,0.015063199780303942,0.015061825869609828,0.01505680934237733,0.015074030623655466,0.015003940790220528,0.00028734480335137845
0.184,0.015063077789298994,0.015061825564491482,0.015056687210950135,0.015073871783159257,0.015003932628644493,0.0002873446251011218
0.1845,0.015062956029602965,0.01506182481752799,0.015056565357425633,0.015073713302759051,0.015003924479593209,0.00028734451095195764
0.185,0.015062834500786612,0.015061823631218616,0.015056443781115352,0.015073555181568474,0.015003916343131316,0.0002873444605426441
0.1855,0.015062713202421455,0.015061822008051609,0.015056322481332762,0.01507339741870364,0.015003908219321864,0.00028734447351357436
0.186,0.01506259213407988,0.015061819950504216,0.015056201457393293,0.015073240013283135,0.015003900108226277,0.0002873445495067798
0.1865,0.015062471295335203,0.015061817461042983,0.015056080708614332,0.015073082964428094,0.015003892009904417,0.00028734468816591204
0.187,0.015062350685761542,0.015061814542123396,0.015055960234315212,0.015072926271262065,0.01500388392441462,0.00028734488913624215
0.1875,0.015062230304933985,0.015061811196190211,0.01505584003381729,0.015072769932911234,0.015003875851813687,0.0002873451520646488
0.188,0.015062110152428386,0.015061807425677422,0.01505572010644376,0.015072613948504107,0.015003867792156943,0.0002873454765996162
0.1885,0.015061990227821474,0.015061803233008302,0.015055600451519779,0.015072458317171689,0.015003859745498255,0.0002873458623912169
0.189,0.015061870530690826,0.015061798620595422,0.015055481068372395,0.015072303038047408,0.015003851711890013,0.0002873463090911255
0.1895,0.01506175106061493,0.015061793590840769,0.015055361956330634,0.01507214811026723,0.015003843691383224,0.0002873468163525825
0.19,0.015061631817173043,0.015061788146135707,0.015055243114725381,0.015071993532969445,0.015003835684027493,0.00028734738383040845
0.1905,0.015061512799945293,0.015061782288860978,0.015055124542889419,0.015071839305294812,0.015003827689871034,0.0002873480111809888
0.191,0.015061394008512675,0.01506177602138698,0.015055006240157447,0.015071685426386516,0.015003819708960735,0.00028734869806227616
0.1915,0.015061275442457,0.015061769346073546,0.01505488820586604,0.015071531895390112,0.015003811741342141,0.00028734944413376633
0.192,0.015061157101360882,0.015061762265270073,0.015054770439353625,0.015071378711453585,0.01500380378705952,0.000287350249056505
0.1925,0.015061038984807797,0.015061754781315636,0.015054652939960516,0.01507122587372723,0.01500379584615578,0.00028735111249307245
0.193,0.015060921092382065,0.015061746896538969,0.015054535707028907,0.01507107338136384,0.015003787918672648,0.0002873520341075894
0.19349999999999998,0.015060803423668804,0.015061738613258508,0.015054418739902828,0.015070921233518492,0.015003780004650576,0.0002873530135656936
0.19399999999999998,0.015060685978253937,0.01506172993378235,0.015054302037928161,0.015070769429348626,0.015003772104128805,0.00028735405053454234
0.19449999999999998,0.01506056875572423,0.015061720860408473,0.015054185600452625,0.01507061796801405,0.01500376421714535,0.0002873551446828068
0.19499999999999998,0.015060451755667253,0.015061711395424868,0.015054069426825759,0.015070466848676885,0.015003756343737098,0.00028735629568066176
0.19549999999999998,0.01506033497767137,0.015061701541108785,0.01505395351639897,0.015070316070501629,0.015003748483939738,0.00028735750319977766
0.19599999999999998,0.015060218421325766,0.015061691299728019,0.015053837868525452,0.015070165632655065,0.015003740637787802,0.0002873587669133237
0.19649999999999998,0.015060102086220436,0.015061680673540068,0.015053722482560214,0.015070015534306298,0.01500373280531472,0.0002873600864959479
0.19699999999999998,0.015059985971946174,0.015061669664792464,0.015053607357860106,0.015069865774626762,0.015003724986552822,0.00028736146162377363
0.19749999999999998,0.01505987007809456,0.015061658275722804,0.015053492493783628,0.015069716352790136,0.015003717181533337,0.00028736289197439896
0.19799999999999998,0.015059754404257976,0.015061646508558627,0.015053377889691417,0.015069567267972452,0.01500370939028646,0.00028736437722688663
0.19849999999999998,0.015059638950029566,0.015061634365517747,0.015053263544945477,0.01506941851935193,0.015003701612841291,0.00028736591706175687
0.19899999999999998,0.015059523715003376,0.01506162184880807,0.015053149458909919,0.015069270106109237,0.015003693849225916,0.0002873675111609805
0.19949999999999998,0.015059408698774104,0.015061608960627661,0.015053035630950458,0.015069122027427133,0.01500368609946744,0.0002873691592079742
0.19999999999999998,0.015059293900937278,0.015061595703164827,0.015052922060434593,0.015068974282490677,0.015003678363591904,0.0002873708608875962
0.20049999999999998,0.015059179321089265,0.015061582078598286,0.015052808746731676,0.015068826870487257,0.01500367064162442,0.00028737261588613174
0.20099999999999998,0.015059064958827098,0.01506156808909689,0.015052695689212676,0.015068679790606351,0.01500366293358913,0.000287374423891296
0.20149999999999998,0.015058950813748579,0.015061553736819947,0.015052582887250391,0.015068533042039768,0.015003655239509197,0.0002873762845922205
0.20199999999999999,0.01505883688545252,0.015061539023917108,0.015052470340219375,0.015068386623981554,0.015003647559406887,0.0002873781976794531
0.20249999999999999,0.015058723173538199,0.015061523952528435,0.01505235804749588,0.015068240535627928,0.015003639893303536,0.0002873801628449482
0.20299999999999999,0.015058609677605805,0.015061508524784559,0.015052246008457887,0.01506809477617729,0.015003632241219575,0.00028738217978206086
0.2035,0.015058496397256338,0.015061492742806588,0.015052134222485148,0.015067949344830363,0.01500362460317457,0.00028738424818554016
0.204,0.01505838333209144,0.015061476608706135,0.01505202268895906,0.015067804240789904,0.015003616979187187,0.000287386367751524
0.2045,0.015058270481713595,0.01506146012458542,0.015051911407262777,0.015067659463260951,0.015003609369275266,0.0002873885381775306
0.205,0.015058157845725884,0.015061443292537249,0.01505180037678102,0.015067515011450526,0.015003601773455782,0.0002873907591624569
0.2055,0.015058045423732543,0.015061426114645194,0.015051689596900593,0.015067370884568332,0.015003594191744905,0.00028739303040656864
0.206,0.015057933215338147,0.01506140859298345,0.015051579067009591,0.01506722708182569,0.015003586624157968,0.0002873953516114968
0.2065,0.015057821220148208,0.015061390729616986,0.015051468786497971,0.01506708360243632,0.015003579070709525,0.0002873977224802267
0.207,0.015057709437768905,0.01506137252660149,0.015051358754757308,0.015066940445616012,0.015003571531413334,0.00028740014271709914
0.2075,0.015057597867807209,0.015061353985983532,0.015051248971180884,0.015066797610582718,0.015003564006282395,0.0002874026120277946
0.208,0.015057486509870831,0.015061335109800508,0.015051139435163651,0.015066655096556539,0.01500355649532894,0.00028740513011934994
0.2085,0.01505737536356821,0.015061315900080745,0.015051030146102215,0.015066512902759673,0.015003548998564462,0.0002874076967001147
0.209,0.015057264428508502,0.015061296358843368,0.015050921103394841,0.015066371028416427,0.015003541515999716,0.00028741031147977924
0.2095,0.015057153704301678,0.015061276488098614,0.015050812306441444,0.015066229472753311,0.015003534047644748,0.00028741297416935317
0.21,0.01505704319055831,0.015061256289847601,0.01505070375464357,0.015066088234998751,0.015003526593508882,0.0002874156844811619
0.2105,0.015056932886889803,0.015061235766082528,0.015050595447404435,0.015065947314383439,0.015003519153600752,0.0002874184421288467
0.211,0.015056822792908266,0.01506121491878677,0.015050487384128864,0.015065806710140076,0.01500351172792833,0.0002874212468273449
0.2115,0.015056712908226542,0.015061193749934698,0.01505037956422333,0.015065666421503478,0.015003504316498875,0.00028742409829289687
0.212,0.015056603232458207,0.015061172261491803,0.015050271987095968,0.015065526447710552,0.015003496919319018,0.00028742699624303476
0.2125,0.015056493765217465,0.015061150455414864,0.015050164652156393,0.015065386788000151,0.01500348953639475,0.00028742994039658386
0.213,0.015056384506119366,0.015061128333651768,0.015050057558815966,0.015065247441613309,0.01500348216773141,0.00028743293047364324
0.2135,0.015056275454779609,0.015061105898141738,0.015049950706487611,0.015065108407793092,0.015003474813333723,0.0002874359661955928
0.214,0.015056166610814584,0.0150610831508152,0.015049844094585813,0.01506496968578454,0.015003467473205766,0.000287439047285088
0.2145,0.015056057973841457,0.015061060093594019,0.015049737722526713,0.015064831274834814,0.015003460147351067,0.000287442173466041
0.215,0.015055949543478057,0.01506103672839135,0.015049631589728002,0.015064693174193042,0.01500345283577252,0.0002874453444636278
0.2155,0.015055841319342973,0.015061013057111728,0.01504952569560897,0.015064555383110472,0.015003445538472455,0.00028744856000427607
0.216,0.015055733301055451,0.015060989081651254,0.015049420039590507,0.015064417900840251,0.015003438255452639,0.0002874518198156601
0.2165,0.015055625488235434,0.015060964803897178,0.01504931462109502,0.015064280726637591,0.01500343098671425,0.00028745512362670554
0.217,0.015055517880503615,0.015060940225728554,0.015049209439546544,0.015064143859759729,0.015003423732257937,0.0002874584711675706
0.2175,0.01505541047748134,0.015060915349015895,0.015049104494370628,0.015064007299465842,0.015003416492083796,0.00028746186216964544
0.218,0.015055303278790712,0.015060890175621249,0.015048999784994415,0.015063871045017186,0.015003409266191398,0.00028746529636554516
0.2185,0.015055196284054457,0.015060864707398269,0.015048895310846576,0.015063735095676895,0.015003402054579805,0.00028746877348910955
0.219,0.015055089492896048,0.015060838946192256,0.015048791071357343,0.015063599450710126,0.015003394857247521,0.00028747229327539235
0.2195,0.015054982904939769,0.015060812893840177,0.015048687065958617,0.01506346410938428,0.015003387674192596,0.0002874758554606574
0.22,0.01505487651981018,0.015060786552170677,0.01504858329408343,0.015063329070967985,0.015003380505412564,0.0002874794597823784
0.2205,0.01505477033713293,0.015060759923004208,0.015048479755166754,0.015063194334732521,0.01500337335090447,0.00028748310597922355
0.221,0.015054664356534277,0.01506073300815298,0.015048376448644972,0.015063059899950909,0.015003366210664875,0.0002874867937910598
0.2215,0.015054558577641064,0.015060705809420972,0.015048273373955909,0.01506292576589805,0.015003359084689903,0.00028749052295894
0.222,0.015054453000080915,0.01506067832860398,0.01504817053053905,0.015062791931850885,0.015003351972975199,0.0002874942932251041
0.2225,0.015054347623482092,0.01506065056748978,0.015048067917835263,0.015062658397088233,0.01500334487551595,0.000287498104332968
0.223,0.015054242447473505,0.015060622527857951,0.015047965535286955,0.015062525160890794,0.015003337792306911,0.00028750195602713003
0.22349999999999998,0.015054137471684784,0.015060594211480092,0.01504786338233805,0.015062392222541255,0.015003330723342395,0.0002875058480533481
0.22399999999999998,0.015054032695746233,0.01506056562011969,0.01504776145843399,0.01506225958132422,0.015003323668616288,0.00028750978015854717
0.22449999999999998,0.015053928119288858,0.015060536755532306,0.015047659763021687,0.015062127236526184,0.015003316628122059,0.0002875137520908112
0.22499999999999998,0.015053823741944243,0.015060507619465497,0.015047558295549511,0.015061995187435503,0.015003309601852772,0.00028751776359937914
0.22549999999999998,0.01505371956334473,0.015060478213658959,0.015047457055467343,0.015061863433342475,0.015003302589801083,0.00028752181443463356
0.22599999999999998,0.01505361558312325,0.015060448539844359,0.015047356042226524,0.015061731973539232,0.015003295591959252,0.0002875259043481094
0.22649999999999998,0.015053511800913496,0.01506041859974562,0.0150472552552799,0.015061600807319863,0.015003288608319135,0.0002875300330924755
0.22699999999999998,0.015053408216349718,0.015060388395078814,0.015047154694081707,0.015061469933980236,0.01500328163887224,0.0002875342004215327
0.22749999999999998,0.01505330482906699,0.015060357927552177,0.015047054358087803,0.015061339352818273,0.015003274683609673,0.0002875384060902109
0.22799999999999998,0.015053201638700865,0.015060327198866054,0.015046954246755333,0.015061209063133546,0.01500326774252218,0.00028754264985457034
0.22849999999999998,0.015053098644887693,0.015060296210713498,0.015046854359542979,0.015061079064227604,0.015003260815600146,0.00028754693147178
0.22899999999999998,0.015052995847264423,0.015060264964779396,0.015046754695910864,0.015060949355403842,0.015003253902833623,0.0002875512507001276
0.22949999999999998,0.01505289324546865,0.015060233462741122,0.015046655255320545,0.015060819935967456,0.015003247004212277,0.00028755560729900963
0.22999999999999998,0.015052790839138623,0.015060201706268433,0.015046556037235018,0.015060690805225532,0.015003240119725467,0.00028756000102892696
0.23049999999999998,0.015052688627913332,0.015060169697023382,0.015046457041118703,0.015060561962486943,0.015003233249362207,0.0002875644316514821
0.23099999999999998,0.015052586611432264,0.01506013743666054,0.015046358266437462,0.015060433407062401,0.015003226393111177,0.0002875688989293734
0.23149999999999998,0.015052484789335652,0.015060104926826929,0.015046259712658556,0.015060305138264441,0.015003219550960754,0.0002875734026263836
0.23199999999999998,0.015052383161264418,0.015060072169161998,0.015046161379250751,0.015060177155407495,0.015003212722898975,0.0002875779425073853
0.23249999999999998,0.015052281726860062,0.015060039165297709,0.015046063265684159,0.015060049457807725,0.015003205908913585,0.0002875825183383293
0.23299999999999998,0.015052180485764751,0.015060005916858637,0.015045965371430298,0.015059922044783106,0.015003199108992026,0.00028758712988624494
0.23349999999999999,0.015052079437621274,0.015059972425461858,0.015045867695962107,0.015059794915653405,0.015003192323121434,0.0002875917769192324
0.23399999999999999,0.015051978582073106,0.015059938692717132,0.01504577023875395,0.015059668069740222,0.01500318555128869,0.0002875964592064539
0.2345,0.01505187791876436,0.015059904720226771,0.01504567299928159,0.01505954150636698,0.015003178793480332,0.00028760117651813877
0.235,0.015051777447339728,0.015059870509585805,0.015045575977022043,0.015059415224858728,0.01500317204968266,0.0002876059286255727
0.2355,0.015051677167444561,0.015059836062381916,0.015045479171454042,0.015059289224542414,0.015003165319881688,0.0002876107153010914
0.236,0.015051577078724902,0.015059801380195562,0.01504538258205733,0.015059163504746759,0.015003158604063151,0.0002876155363180828
0.2365,0.01505147718082737,0.015059766464599939,0.015045286208313252,0.015059038064802249,0.01500315190221254,0.00028762039145097427
0.237,0.015051377473399264,0.015059731317160988,0.015045190049704485,0.0150589129040411,0.015003145214315082,0.0002876252804752342
0.2375,0.015051277956088495,0.015059695939437545,0.015045094105715065,0.015058788021797305,0.01500313854035574,0.0002876302031673693
0.238,0.015051178628543575,0.015059660332981183,0.015044998375830402,0.015058663417406594,0.015003131880319246,0.00028763515930491004
0.2385,0.01505107949041368,0.015059624499336483,0.015044902859537251,0.015058539090206428,0.015003125234190083,0.0002876401486664181
0.239,0.01505098054134862,0.015059588440040825,0.015044807556323762,0.015058415039536052,0.015003118601952506,0.00028764517103147224
0.2395,0.015050881780998815,0.01505955215662455,0.015044712465679426,0.015058291264736427,0.015003111983590505,0.00028765022618066813
0.24,0.015050783209015305,0.015059515650610977,0.015044617587095063,0.015058167765150215,0.015003105379087877,0.00028765531389561577
0.2405,0.015050684825049749,0.015059478923516403,0.015044522920062864,0.015058044540121836,0.015003098788428178,0.00028766043395893413
0.241,0.015050586628754472,0.015059441976850108,0.015044428464076356,0.015057921588997417,0.015003092211594748,0.00028766558615424444
0.2415,0.015050488619782365,0.015059404812114333,0.01504433421863042,0.015057798911124813,0.01500308564857074,0.00028767077026616803
0.242,0.015050390797786996,0.015059367430804825,0.01504424018322124,0.015057676505853547,0.015003079099339038,0.00028767598608032323
0.2425,0.015050293162422474,0.015059329834409984,0.015044146357346327,0.015057554372534854,0.015003072563882369,0.0002876812333833115
0.243,0.015050195713343616,0.015059292024411463,0.015044052740504571,0.015057432510521732,0.015003066042183247,0.00028768651196272796
0.2435,0.015050098450205744,0.01505925400228411,0.015043959332196087,0.015057310919168735,0.015003059534223998,0.00028769182160714307
0.244,0.015050001372664896,0.015059215769495947,0.015043866131922412,0.01505718959783224,0.015003053039986737,0.00028769716210611424
0.2445,0.015049904480377688,0.015059177327508255,0.015043773139186345,0.01505706854587025,0.015003046559453427,0.0002877025332501666
0.245,0.015049807773001314,0.015059138677775473,0.01504368035349198,0.015056947762642417,0.015003040092605785,0.00028770793483079557
0.2455,0.015049711250193628,0.01505909982174541,0.01504358777434476,0.015056827247510118,0.0150030336394254,0.0002877133666404653
0.246,0.015049614911613086,0.015059060760859057,0.015043495401251397,0.01505670699983639,0.015003027199893671,0.00028771882847259674
0.2465,0.015049518756918706,0.01505902149655084,0.015043403233719907,0.015056587018985875,0.015003020773991821,0.0002877243201215722
0.247,0.015049422785770176,0.015058982030248561,0.015043311271259614,0.015056467304324939,0.015003014361700904,0.00028772984138272735
0.2475,0.01504932699782775,0.015058942363373325,0.015043219513381112,0.015056347855221567,0.015003007963001814,0.0002877353920523386
0.248,0.015049231392752275,0.015058902497339651,0.015043127959596279,0.015056228671045368,0.015003001577875298,0.00028774097192763514
0.2485,0.015049135970205229,0.015058862433555534,0.01504303660941829,0.015056109751167631,0.015002995206301915,0.0002877465808067821
0.249,0.01504904072984868,0.01505882217342245,0.015042945462361578,0.015055991094961259,0.015002988848262084,0.00028775221848888357
0.2495,0.015048945671345302,0.015058781718335286,0.015042854517941871,0.015055872701800803,0.015002982503736087,0.00028775788477397195
